0000101011111001
0000111111011110
0000010000111100
0000101000010000
0000011101100010
0000010111000101
0000011111011011
0000011010011111
0000000111000010
0000000010011001
0000000000100101
0000000110000010
0000011001010110
0000011010000101
0000010001000100
0000111101010101
0000000111110011
0000010111010000
0000010010000011
0000101011110011
0000010010010010
0000010110100101
0000101011010001
0000101011101100
0000100111011001
0000100111101001
0000111000111010
0000100111010101
0000101011100011
0000110011001010
0000111100011011
0000111101110001
0000101100000011
0000000011000100
0000001001000110
0000001011001010
0000010111101001
0000100011000111
0000111100010101
0000101100000010
0000001011111011
0000101100111001
0000101110110010
0000011111001010
0000001111001001
0000110111101100
0000011111001110
0000111000111110
0000011100101110
0000000001101011
0000110101001011
0000111000111001
0000010110011000
0000000101100101
0000101010110011
0000111100001000
0000100101000010
0000110000111111
0000011110001011
0000000110100110
0000110010001010
0000001110110011
0000000010000001
0000100010011111
0000001100001011
0000110001111001
0000100010011101
0000010100000111
0000110101000100
0000011110010111
0000100011010111
0000001011011111
0000110110010000
0000101110110000
0000101001001011
0000011110100000
0000100000000101
0000100101011100
0000111101101101
0000101100110110
0000000000011100
0000101111000111
0000110001000101
0000000110000110
0000001010001101
0000101101111111
0000011000011010
0000101111010000
0000001000101101
0000010100001111
0000101110011010
0000011110010000
0000001011011010
0000100100010000
0000111100011111
0000111101000110
0000010101101110
0000010001010010
0000100100000100
0000101010111010
0000001010001011
0000000011101110
0000011100110001
0000000001111111
0000100101000001
0000101110000100
0000111111100101
0000111010111100
0000111100000011
0000000111001110
0000010111001000
0000010010110000
0000100101000110
0000100111001111
0000101001110011
0000001110011000
0000111000001000
0000010110011001
0000000011001011
0000000100001101
0000100101110010
0000110111110011
0000011100000100
0000111011000010
0000110011010010
0000011011101110
0000010010111011
0000110100001000
0000100100111000
0000111001011011
0000110111000111
0000011010111110
0000010110011110
0000111111011111
0000101100110000
0000011000011100
0000001111111010
0000011110111111
0000101110110110
0000100100000011
0000001001100001
0000010010001001
0000101001100100
0000110100011001
0000000010101100
0000001010110001
0000001110011110
0000111000110011
0000110100001010
0000110110011110
0000111010100110
0000100110000000
0000001111010000
0000110001011010
0000000000101111
0000100110110101
0000011011100101
0000001011100100
0000100010111111
0000010011010011
0000010011100001
0000011001100110
0000000111101010
0000111101100010
0000111011101111
0000111001111001
0000001000001111
0000010100001001
0000000000011010
0000111011101110
0000100001000111
0000010010010101
0000011001100000
0000100101110011
0000010001011011
0000110011010000
0000111011001110
0000001111010111
0000110010110100
0000101111110000
0000000111011111
0000111111011001
0000010011001011
0000101000110011
0000001110101100
0000001110000110
0000001001110100
0000000101011001
0000101001111001
0000001111111001
0000100111111100
0000010100001010
0000011101111100
0000011100011011
0000111100110111
0000000110011000
0000100001111001
0000000111111111
0000111010010100
0000110011111011
0000010000001000
0000000010110101
0000000011111010
0000010011001110
0000011111000001
0000110011001110
0000100111110010
0000011111011110
0000011110110111
0000001011010010
0000110101010001
0000100000100010
0000000110100111
0000101100101010
0000001110111101
0000010000101101
0000001101011100
0000101101010111
0000101101010000
0000111000100010
0000011100110000
0000001111110111
0000001011000101
0000111100111000
0000001000001110
0000101010110101
0000010100110110
0000101110111000
0000110010000111
0000111100111010
0000100010111010
0000010001011111
0000010101011101
0000010011110011
0000000110110111
0000000001111011
0000110100010001
0000001000010100
0000101010011001
0000010011100110
0000110110011011
0000110111000100
0000101001110100
0000010001111110
0000011100001100
0000011011010101
0000110010010000
0000101001011101
0000101010010000
0000111011110100
0000011101110001
0000111000011110
0000100000100011
0000010110101001
0000110111111101
0000010101011011
0000000001110100
0000000000000010
0000111100101011
0000111100001100
0000110111000011
0000011000011001
0000110000011011
0000100010001011
0000110010011100
0000001010001000
0000011010000000
0000110111100001
0000000011001101
0000001010001001
0000000011101001
0000011010010111
0000111011011100
0000110001111011
0000001000111011
0000110001111111
0000111110011111
0000011000111101
0000001111101110
0000111111001011
0000010101110010
0000000011100000
0000100101101110
0000001100000100
0000101111001110
0000001000110101
0000111001011111
0000011111110101
0000010101011010
0000111000101100
0000011100000010
0000011101011110
0000011001101011
0000000100100100
0000100100010010
0000010011000100
0000111111100001
0000010000100000
0000111010001101
0000000010010110
0000100011101000
0000100110011010
0000000110100101
0000011111100101
0000111001101010
0000101110001011
0000101110101010
0000011000010110
0000101110011110
0000101011001000
0000001101000100
0000111100111001
0000011011101001
0000100000010100
0000100110101010
0000010110001100
0000010100100010
0000001001011101
0000110101101011
0000111110011001
0000011001011010
0000000101000100
0000100010111011
0000000111110010
0000011010001000
0000001110010000
0000100011001001
0000010010010000
0000110000010001
0000000000110110
0000011010000001
0000010100010101
0000000101011110
0000101100010111
0000010001111000
0000100010001100
0000100100100001
0000011011000010
0000111001001101
0000111001010101
0000111011011011
0000001101100010
0000010001000010
0000111111011101
0000011101101001
0000010011100011
0000000001000000
0000100100010110
0000010011000010
0000010110010001
0000111001001001
0000010110001110
0000000101110111
0000001011101001
0000001011111000
0000111110111100
0000000110111110
0000001100111100
0000001011000001
0000110000100111
0000000111001111
0000101101111001
0000111110100111
0000111111111111
0000111011010111
0000001101001011
0000011001011001
0000010110111101
0000111111000001
0000001001100100
0000111111101011
0000011111100011
0000010010110101
0000011010111011
0000010001010111
0000001011000011
0000100100001100
0000110011011010
0000000111111011
0000011101010011
0000010100010000
0000110100010011
0000101001110110
0000111101110010
0000000100001001
0000111001101110
0000111010110010
0000010011000001
0000110111011111
0000111101111000
0000100011010110
0000001001010001
0000010101100010
0000110101110100
0000000111101110
0000111011110110
0000010011011001
0000100000011000
0000111001110100
0000011110010100
0000110011011100
0000011011010100
0000101010101000
0000000000111111
0000001111110000
0000110000011100
0000100010100000
0000101110000000
0000011010011110
0000110101010110
0000011011100110
0000111000101000
0000100011101010
0000000001100001
0000101010011111
0000111100001010
0000111101001110
0000011010111010
0000001000011000
0000101011010010
0000101110001010
0000101110011000
0000000110000111
0000110001101111
0000100111000010
0000011000011101
0000100011000001
0000010001100100
0000111001100011
0000111111100000
0000111100101110
0000001101111101
0000110111101111
0000100001011110
0000111110100001
0000011110100001
0000110001001001
0000001111010010
0000011100100001
0000010101100011
0000011111011111
0000010100101111
0000100010001010
0000010101111000
0000000000001101
0000000011011010
0000100000010011
0000001111010011
0000101110110101
0000000100000000
0000001100101100
0000100111110100
0000001011100111
0000110110100000
0000111000000000
0000110011001101
0000010100011011
0000100011010100
0000000101011101
0000110111110001
0000010010100011
0000011101000000
0000100001001111
0000101010110100
0000110001101110
0000100011111001
0000011111011001
0000000101000010
0000001110100110
0000100011011111
0000100000000011
0000110100000101
0000001110110100
0000101101001110
0000000011010100
0000110000001100
0000110010110101
0000110110101010
0000001010001110
0000111000010100
0000011111100110
0000000100011110
0000010000010011
0000010010100001
0000000111010111
0000110001001101
0000010010110110
0000010111010011
0000101101011000
0000100001110111
0000101110001110
0000010001110000
0000101001111111
0000100000001100
0000000010000011
0000011110010011
0000110001000100
0000001101110111
0000110000110110
0000100010000100
0000100011111110
0000001010000101
0000111011010101
0000111100000010
0000110110010111
0000000100111011
0000011110111000
0000001100001000
0000101010100101
0000110000111100
0000010110100111
0000111111111011
0000110111011100
0000111101110000
0000111010000100
0000001000110000
0000101010101100
0000100011100011
0000110011110010
0000001010111110
0000100001010001
0000010010111000
0000000011001110
0000001100010000
0000011100110111
0000001011101100
0000011000111110
0000011101001111
0000011010000111
0000111000010000
0000001111001111
0000011001100111
0000011000110101
0000111100110010
0000000101000111
0000101100110001
0000110010110000
0000000011011111
0000110010011001
0000010011000101
0000010000111110
0000000100101000
0000101101100000
0000110011101110
0000011100100100
0000111011100100
0000100101010111
0000001000010111
0000011011110001
0000011100010000
0000001011110010
0000111111100011
0000001011111100
0000110011101100
0000100111000111
0000010011011111
0000100100110001
0000101111101001
0000101001110010
0000000010110111
0000111011111111
0000100011111010
0000101010111001
0000101111100001
0000000000011001
0000011111000011
0000000100001110
0000001011110100
0000000110111111
0000001101110101
0000000000010001
0000010111001100
0000001010100110
0000110110000101
0000110001000010
0000100010000011
0000001011001000
0000101111011110
0000111011111100
0000011000011000
0000101010101010
0000111010110011
0000110101000101
0000010101000110
0000000000010011
0000101000001010
0000100010101110
0000110110000001
0000011100010101
0000101000110111
0000010101000001
0000000011011100
0000110010100010
0000011110110011
0000010111111000
0000110100101101
0000111011111101
0000011111111101
0000100101001011
0000010111000001
0000000011011001
0000000011100010
0000100101111101
0000000000101001
0000111111000111
0000111011000110
0000101000001100
0000000110000001
0000001111011100
0000000100010000
0000100111101011
0000111011011010
0000011110010110
0000001010010101
0000100100110110
0000000101111001
0000000100011010
0000011010010010
0000001101001000
0000001011011110
0000000011101011
0000001100011001
0000110101100011
0000100010000101
0000011011100001
0000011011110000
0000100101100011
0000010110111000
0000001001001011
0000000010111110
0000000011010101
0000110110011111
0000001111000101
0000110101111011
0000011010010100
0000000100110011
0000110011110110
0000010011101011
0000100100001101
0000110010000101
0000010111100111
0000100111111000
0000011001001011
0000011010100011
0000110101111000
0000011000111010
0000011101000100
0000001100110000
0000010101111011
0000101010010010
0000010001000110
0000000101111111
0000110111001000
0000110101111010
0000100110010100
0000110001000001
0000011110001001
0000010111110011
0000010001010110
0000011100111001
0000110000010110
0000010000010110
0000010111111011
0000000101101110
0000100000001111
0000010111111010
0000000010001111
0000100101110100
0000000111100010
0000000000101101
0000010001011010
0000010110111010
0000011110111010
0000110100000100
0000101110000011
0000110110100100
0000110111110111
0000110101011100
0000100010010101
0000001010110100
0000110101001101
0000000100110010
0000111111111010
0000001001000001
0000000011110001
0000010110111011
0000001111101011
0000010100100101
0000001110010111
0000100010010111
0000100011110101
0000001100001100
0000010000000100
0000011010110011
0000100011101110
0000010000000001
0000100010010011
0000110100111001
0000000000110001
0000000001000101
0000011011001011
0000000100101001
0000010100001110
0000000110001111
0000011110000110
0000110000000110
0000010101001000
0000000110111010
0000011111100010
0000111111010101
0000101011000001
0000001010101101
0000110101111111
0000001110110101
0000010100101001
0000110101100111
0000010000101000
0000011011110110
0000111111110110
0000010000100111
0000000011010001
0000101000011010
0000001110000000
0000111010110110
0000011110011110
0000100101001101
0000101000000010
0000001111101111
0000011100001011
0000011000011111
0000001001001010
0000100010011010
0000100010100011
0000000110010011
0000100001110100
0000010000011110
0000011111000100
0000001010101111
0000111111001100
0000010101110011
0000110100110000
0000010110010101
0000111011000111
0000001000111001
0000010110110101
0000110001011111
0000010010101100
0000110000101101
0000100010000001
0000111111110011
0000110000010010
0000111110000001
0000100101011000
0000010101010111
0000100111101100
0000100110101100
0000110111000110
0000000011111110
0000100101100010
0000000010010001
0000111100100011
0000001001111100
0000100011110110
0000111111011100
0000110001100011
0000110010111110
0000000100010001
0000000101100110
0000100100000110
0000010001101001
0000011010010110
0000100010110000
0000001000001000
0000101101011100
0000111100111110
0000001001011011
0000010111101000
0000100001100010
0000000101111101
0000101111110101
0000001110000111
0000010011010010
0000100100110101
0000101011011111
0000111100010010
0000110111010000
0000111001101011
0000100001001101
0000101100000101
0000011100101000
0000000000100011
0000000000111110
0000001010001100
0000100001110101
0000100111011100
0000110111100000
0000101010101011
0000001011000000
0000011011111110
0000001000101111
0000101111101100
0000001010011001
0000100110101001
0000101110010001
0000110000011101
0000001110000001
0000000001100110
0000011001101100
0000000100000101
0000110111010001
0000101101100100
0000010110101000
0000001100001001
0000000111001001
0000010010101000
0000101000001101
0000110010000001
0000110110010101
0000110110001111
0000101100110010
0000000101110101
0000011011101011
0000000100100111
0000110000111011
0000101011011010
0000000010101001
0000110101101010
0000111100101111
0000101001010111
0000110101100010
0000001100100010
0000101110111110
0000110011110101
0000000101111010
0000011000111001
0000110101001000
0000101000100010
0000111111001000
0000111001101100
0000110010100111
0000011010110100
0000100101111010
0000000110010101
0000101110000001
0000001011110011
0000011111110001
0000101000101001
0000011011001111
0000100010001110
0000111111110111
0000010101111100
0000100001000001
0000010011110100
0000001000010110
0000001011101111
0000010100011000
0000011110111101
0000111100110100
0000100111011011
0000000011001000
0000001110100000
0000010100011001
0000101110001101
0000100011001010
0000111101011001
0000000011100011
0000110101011110
0000111110001010
0000010100010010
0000000110110010
0000001001001001
0000100010110001
0000110000110101
0000111000101101
0000011110010101
0000010001000000
0000000110001001
0000011001111110
0000010100111111
0000001101110001
0000011110000001
0000110111111011
0000011101000111
0000110000111101
0000010001110100
0000010111011001
0000110111010101
0000001101000001
0000011010000010
0000110011010100
0000111000110110
0000001000000100
0000111011001111
0000010101010000
0000001011101010
0000010011010110
0000111101100101
0000111011011000
0000001000100010
0000111010000000
0000101111011111
0000100000111111
0000110010000000
0000100000011111
0000110011001011
0000001001111111
0000010101101101
0000111100011010
0000100101100101
0000001110001011
0000001110111111
0000101110011001
0000100100110111
0000110100000000
0000111010110111
0000111100110001
0000111010100000
0000010001100101
0000011110100010
0000100110010010
0000001010110010
0000011000100111
0000010011011000
0000110011010110
0000010000001110
0000011100111111
0000011011000100
0000101111001101
0000111111011010
0000011111010101
0000111011101101
0000011010000110
0000011111111011
0000010000011001
0000001010001111
0000100001010011
0000101011001101
0000011100111100
0000110100011111
0000011111011000
0000110010111001
0000111100100000
0000101111100010
0000100001101001
0000110010111011
0000010010001011
0000001000011110
0000000101010111
0000011011111001
0000101101000101
0000000101100111
0000101111111110
0000000100110111
0000111000011010
0000010110111100
0000111100001110
0000111000100001
0000010100000011
0000010100110111
0000110111010100
0000011001001101
0000100100101010
0000111110110000
0000110101110001
0000110010100000
0000001010011101
0000111101001101
0000010010000000
0000111010111011
0000011011110011
0000111010001111
0000101001111101
0000100110000110
0000000000000000
0000010001110011
0000100000111000
0000101010100010
0000010101100100
0000110000110000
0000000010011101
0000011111001000
0000111110011010
0000010101001001
0000011001111010
0000101111000011
0000110010111111
0000110110001101
0000000001010110
0000101011100001
0000100111100001
0000010100100000
0000100011101100
0000010001100011
0000110011000111
0000000000000101
0000101111110001
0000010110011101
0000111101000001
0000101101011011
0000100011101011